  3.7  3.7  3.7  3.7  2.9  2.9  2.9  2.9  2.9  2.9  2.9  2.9  3.7  3.7  3.7  3.7  3.7  3.7  3.7  3.7  3.7  3.7  3.7  3.7
  3.7  3.7  3.7  3.7  2.9  2.9  2.9  2.9  2.9  2.9  2.9  2.9  3.7  3.7  3.7  3.7  3.7  3.7  3.7  3.7  3.7  3.7  3.7  3.7
  2.6  2.6  2.6  2.6  1.8  2.9  1.8  2.9  1.8  1.8  1.8  1.8  2.6  3.7  2.6  3.7  2.6  2.6  2.6  2.6  2.6  3.7  2.6  3.7
  3.7  3.7  3.7  3.0  2.9  2.9  2.9  2.2  2.9  2.9  2.9  2.2  3.7  3.7  3.7  3.0  3.7  3.7  3.7  3.0  3.7  3.7  3.7  3.0
  3.7  3.7  3.7  3.7  2.9  2.9  2.9  2.9  2.9  2.9  2.9  2.9  3.7  3.7  3.7  3.7  3.7  3.7  3.7  3.7  3.7  3.7  3.7  3.7
  3.7  3.7  3.7  3.7  2.9  2.9  2.9  2.9  2.9  2.9  2.9  2.9  3.7  3.7  3.7  3.7  3.7  3.7  3.7  3.7  3.7  3.7  3.7  3.7
  2.6  3.7  2.6  3.7  1.8  3.7  1.8  3.7  1.8  3.7  1.8  3.7  2.6  3.7  2.6  3.7  2.6  3.7  2.6  3.7  2.6  3.7  2.6  3.7
  3.7  3.7  3.7  3.0  2.9  2.9  2.9  2.2  2.9  2.9  2.9  2.2  3.7  3.7  3.7  3.0  3.7  3.7  3.7  3.0  3.7  3.7  3.7  3.0
  2.6  2.6  2.6  2.6  1.8  1.8  1.8  1.8  1.8  1.8  1.8  1.8  2.6  2.6  2.6  2.6  2.6  2.6  2.6  2.6  2.6  2.6  2.6  2.6
  2.6  3.7  3.7  3.7  1.8  2.9  2.9  2.9  1.8  2.9  2.9  2.9  2.6  3.7  3.7  3.7  2.6  3.7  3.7  3.7  2.6  3.7  3.7  3.7
  2.6  2.6  2.6  2.6  1.8  1.8  1.8  1.8  1.8  1.8  1.8  1.8  2.6  2.6  2.6  2.6  2.6  2.6  2.6  2.6  2.6  2.6  2.6  2.6
  2.6  3.7  3.7  3.0  1.8  2.9  2.9  2.2  1.8  2.9  2.9  2.2  2.6  3.7  3.7  3.0  2.6  3.7  3.7  3.0  2.6  3.7  3.7  3.0
  3.7  3.7  3.7  3.7  2.9  2.9  2.9  2.9  2.9  2.9  2.9  2.9  3.7  3.7  3.7  3.7  3.7  3.7  3.7  3.7  3.7  3.7  3.7  3.7
  3.7  3.7  3.7  3.7  2.9  2.9  2.9  2.9  2.9  2.9  2.9  2.9  3.7  3.7  3.7  3.7  3.7  3.7  3.7  3.7  3.7  3.7  3.7  3.7
  2.6  3.7  2.6  3.7  1.8  2.9  1.8  2.9  1.8  2.9  1.8  2.9  2.6  3.7  2.6  3.7  2.6  3.7  2.6  3.7  2.6  3.7  2.6  3.7
  3.0  3.0  3.0  3.0  2.2  2.2  2.2  2.2  2.2  2.2  2.2  2.2  3.0  3.0  3.0  3.0  3.0  3.0  3.0  3.0  3.0  3.0  3.0  3.0
  2.9  2.9  1.8  2.9  2.5  2.2  1.1  2.2  2.2  2.2  1.1  2.2  2.9  2.9  1.8  2.9  2.9  2.9  1.8  2.9  2.9  2.9  1.8  2.9
  2.9  2.9  2.9  2.9  2.3  2.2  2.2  2.2  2.2  2.2  2.2  2.2  2.9  2.9  2.9  2.9  2.9  2.9  2.9  2.9  2.9  2.9  2.9  2.9
  1.8  1.8  1.8  1.8  1.7  2.2  0.8  2.2  1.1  1.1  1.1  1.1  1.8  2.9  1.8  2.9  1.8  1.8  1.8  1.8  1.8  1.8  1.8  1.8
  2.9  2.9  2.9  2.2  2.2  2.2  2.2  1.5  2.2  2.2  2.2  1.5  2.9  2.9  2.9  2.2  2.9  2.9  2.9  2.2  2.9  2.9  2.9  2.2
  2.9  2.9  1.8  2.9  2.2  1.7  1.1  2.2  2.2  2.2  1.1  2.2  2.9  2.9  1.8  2.9  2.9  2.9  1.8  2.9  2.9  2.9  1.8  2.9
  2.9  2.9  2.9  2.9  2.2  2.5  2.2  2.2  2.2  2.2  2.2  2.2  2.9  2.9  2.9  2.9  2.9  2.9  2.9  2.9  2.9  2.9  2.9  2.9
  1.8  2.9  1.8  2.9  1.1  2.2  1.1  2.2  1.1  2.2  1.8  2.2  1.8  2.9  1.8  2.9  1.8  2.9  1.8  2.9  1.8  2.9  1.8  2.9
  2.9  2.9  2.9  2.2  2.2  2.2  2.2  1.5  2.2  2.2  2.2  1.5  2.9  2.9  2.9  2.2  2.9  2.9  2.9  2.2  2.9  2.9  2.9  2.2
  1.8  1.8  1.8  1.8  0.8  1.1  1.1  1.1  1.1  1.1  1.1  1.1  1.8  1.8  1.8  1.8  1.8  1.8  1.8  1.8  1.8  1.8  1.8  1.8
  1.8  2.9  2.9  2.9  1.1  2.2  2.2  2.2  1.1  2.2  2.2  2.2  1.8  2.9  2.9  2.9  1.8  2.9  2.9  2.9  1.8  2.9  2.9  2.9
  1.8  1.8  1.8  1.8  1.2  1.1  1.1  1.1  1.1  1.1  1.1  1.1  1.8  1.8  1.8  1.8  1.8  1.8  1.8  1.8  1.8  1.8  1.8  1.8
  1.8  2.9  2.9  2.2  1.1  2.2  2.2  1.5  1.1  2.2  2.2  1.5  1.8  2.9  2.9  2.2  1.8  2.9  2.9  2.2  1.8  2.9  2.9  2.2
  2.9  2.9  1.8  2.9  2.2  2.2  1.1  2.2  2.2  2.2  1.1  2.2  2.9  2.9  1.8  2.9  2.9  2.9  1.8  2.9  2.9  2.9  1.8  2.9
  2.9  2.9  2.9  2.9  2.5  2.2  2.2  2.2  2.2  2.2  2.2  2.2  2.9  2.9  2.9  2.9  2.9  2.9  2.9  2.9  2.9  2.9  2.9  2.9
  1.8  2.9  1.8  2.9  1.1  2.2  1.1  2.2  1.1  2.2  1.8  2.2  1.8  2.9  1.8  2.9  1.8  2.9  1.8  2.9  1.8  2.9  1.8  2.9
  2.2  2.2  2.2  2.2  1.5  1.5  1.5  1.4  1.5  1.5  1.5  1.5  2.2  2.2  2.2  2.2  2.2  2.2  2.2  2.2  2.2  2.2  2.2  2.2
  2.9  2.9  2.9  2.9  2.2  2.2  2.2  2.2  2.5  2.2  2.1  2.2  2.9  2.9  2.9  2.9  2.9  2.9  2.9  2.9  2.9  2.9  2.9  2.9
  2.9  2.9  2.9  2.9  2.2  2.2  2.2  2.2  2.2  2.2  2.2  2.2  2.9  2.9  2.9  2.9  2.9  2.9  2.9  2.9  2.9  2.9  2.9  2.9
  1.8  1.8  1.8  1.8  1.1  2.2  1.1  2.2  1.1  1.1  1.1  1.1  1.8  2.9  1.8  2.9  1.8  1.8  1.8  1.8  1.8  1.8  1.8  1.8
  2.9  2.9  2.9  2.2  2.2  2.2  2.2  1.5  2.2  2.2  2.2  1.5  2.9  2.9  2.9  2.2  2.9  2.9  2.9  2.2  2.9  2.9  2.9  2.2
  2.9  2.9  2.9  2.9  2.2  2.2  2.2  2.2  2.2  2.2  2.2  2.2  2.9  2.9  2.9  2.9  2.9  2.9  2.9  2.9  2.9  2.9  2.9  2.9
  2.9  2.9  2.9  2.9  2.2  2.2  2.2  2.2  2.2  2.2  2.2  2.2  2.9  2.9  2.9  2.9  2.9  2.9  2.9  2.9  2.9  2.9  2.9  2.9
  1.8  2.9  1.8  2.9  1.1  2.2  1.1  2.2  1.1  2.2  1.8  2.2  1.8  2.9  1.8  2.9  1.8  2.9  1.8  2.9  1.8  2.9  1.8  2.9
  2.9  2.9  2.9  2.2  2.2  2.2  2.2  1.5  2.2  2.2  2.2  1.5  2.9  2.9  2.9  2.2  2.9  2.9  2.9  2.2  2.9  2.9  2.9  2.2
  1.8  1.8  1.8  1.8  1.1  1.1  1.1  1.1  1.2  1.1  1.1  1.1  1.8  1.8  1.8  1.8  1.8  1.8  1.8  1.8  1.8  1.8  1.8  1.8
  1.8  2.9  2.9  2.9  1.1  2.2  2.2  2.2  1.1  2.2  2.2  2.2  1.8  2.9  2.9  2.9  1.8  2.9  2.9  2.9  1.8  2.9  2.9  2.9
  1.8  1.8  1.8  1.8  1.1  1.1  1.1  1.1  1.1  1.1  1.1  1.1  1.8  1.8  1.8  1.8  1.8  1.8  1.8  1.8  1.8  1.8  1.8  1.8
  1.8  2.9  2.9  2.2  1.1  2.2  2.2  1.5  1.1  2.2  2.2  1.5  1.8  2.9  2.9  2.2  1.8  2.9  2.9  2.2  1.8  2.9  2.9  2.2
  2.9  2.9  2.9  2.9  2.2  2.2  2.2  2.2  2.2  2.2  2.2  2.2  2.9  2.9  2.9  2.9  2.9  2.9  2.9  2.9  2.9  2.9  2.9  2.9
  2.9  2.9  2.9  2.9  2.2  2.2  2.2  2.2  2.2  1.9  2.2  2.2  2.9  2.9  2.9  2.9  2.9  2.9  2.9  2.9  2.9  2.9  2.9  2.9
  1.8  2.9  1.8  2.9  1.1  2.2  1.1  2.2  1.1  2.2  1.8  2.2  1.8  2.9  1.8  2.9  1.8  2.9  1.8  2.9  1.8  2.9  1.8  2.9
  2.2  2.2  2.2  2.2  1.5  1.5  1.5  1.5  1.5  1.5  1.5  1.5  2.2  2.2  2.2  2.2  2.2  2.2  2.2  2.2  2.2  2.2  2.2  2.2
  3.7  3.7  2.6  3.7  2.9  2.9  1.8  2.9  2.9  2.9  1.8  2.9  3.7  3.7  2.6  3.7  3.7  3.7  2.6  3.7  3.7  3.7  2.6  3.7
  3.7  3.7  3.7  3.7  2.9  2.9  2.9  2.9  2.9  2.9  2.9  2.9  3.7  3.7  3.7  3.7  3.7  3.7  3.7  3.7  3.7  3.7  3.7  3.7
  2.6  2.6  2.6  2.6  1.8  2.9  1.8  2.9  1.8  1.8  1.8  1.8  2.6  3.7  2.6  3.7  2.6  2.6  2.6  2.6  2.6  3.7  2.6  3.7
  3.7  3.7  3.7  3.0  2.9  2.9  2.9  2.2  2.9  2.9  2.9  2.2  3.7  3.7  3.7  3.0  3.7  3.7  3.7  3.0  3.7  3.7  3.7  3.0
  3.7  3.7  2.6  3.7  2.9  2.9  1.8  2.9  2.9  2.9  1.8  2.9  3.7  3.7  2.6  3.7  3.7  3.7  2.6  3.7  3.7  3.7  2.6  3.7
  3.7  3.7  3.7  3.7  2.9  2.9  2.9  2.9  2.9  2.9  2.9  2.9  3.7  3.7  3.7  3.7  3.7  3.7  3.7  3.7  3.7  3.7  3.7  3.7
  2.6  3.7  2.6  3.7  1.8  3.7  1.8  3.7  1.8  3.7  1.8  3.7  2.6  3.7  2.6  3.7  2.6  3.7  2.6  3.7  2.6  3.7  2.6  3.7
  3.7  3.7  3.7  3.0  2.9  2.9  2.9  2.2  2.9  2.9  2.9  2.2  3.7  3.7  3.7  3.0  3.7  3.7  3.7  3.0  3.7  3.7  3.7  3.0
  2.6  2.6  2.6  2.6  1.8  1.8  1.8  1.8  1.8  1.8  1.8  1.8  2.6  2.6  2.6  2.6  2.6  2.6  2.6  2.6  2.6  2.6  2.6  2.6
  2.6  3.7  3.7  3.7  1.8  2.9  2.9  2.9  1.8  2.9  2.9  2.9  2.6  3.7  3.7  3.7  2.6  3.7  3.7  3.7  2.6  3.7  3.7  3.7
  2.6  2.6  2.6  2.6  1.8  1.8  1.8  1.8  1.8  1.8  1.8  1.8  2.6  2.6  2.6  2.6  2.6  2.6  2.6  2.6  2.6  2.6  2.6  2.6
  2.6  3.7  3.7  3.0  1.8  2.9  2.9  2.2  1.8  2.9  2.9  2.2  2.6  3.7  3.7  3.0  2.6  3.7  3.7  3.0  2.6  3.7  3.7  3.0
  3.7  3.7  2.6  3.7  2.9  2.9  1.8  2.9  2.9  2.9  1.8  2.9  3.7  3.7  2.6  3.7  3.7  3.7  2.6  3.7  3.7  3.7  2.6  3.7
  3.7  3.7  3.7  3.7  2.9  2.9  2.9  2.9  2.9  2.9  2.9  2.9  3.7  3.7  3.7  3.7  3.7  3.7  3.7  3.7  3.7  3.7  3.7  3.7
  2.6  3.7  2.6  3.7  1.8  2.9  1.8  2.9  1.8  2.9  1.8  2.9  2.6  3.7  2.6  3.7  2.6  3.7  2.6  3.7  2.6  3.7  2.6  3.7
  3.0  3.0  3.0  3.0  2.2  2.2  2.2  2.2  2.2  2.2  2.2  2.2  3.0  3.0  3.0  3.0  3.0  3.0  3.0  3.0  3.0  3.0  3.0  3.0
  3.7  3.7  3.7  3.7  2.9  2.9  2.9  2.9  2.9  2.9  2.9  2.9  3.7  3.7  3.7  3.7  3.7  3.7  3.7  3.7  3.7  3.7  3.7  3.7
  3.7  3.7  3.7  3.7  2.9  2.9  2.9  2.9  2.9  2.9  2.9  2.9  3.7  3.7  3.7  3.7  3.7  3.7  3.7  3.7  3.7  3.7  3.7  3.7
  2.6  2.6  2.6  2.6  1.8  2.9  1.8  2.9  1.8  1.8  1.8  1.8  2.6  3.7  2.6  3.7  2.6  2.6  2.6  2.6  2.6  3.7  2.6  3.7
  3.7  3.7  3.7  3.0  2.9  2.9  2.9  2.2  2.9  2.9  2.9  2.2  3.7  3.7  3.7  3.0  3.7  3.7  3.7  3.0  3.7  3.7  3.7  3.0
  3.7  3.7  3.7  3.7  2.9  2.9  2.9  2.9  2.9  2.9  2.9  2.9  3.7  3.7  3.7  3.7  3.7  3.7  3.7  3.7  3.7  3.7  3.7  3.7
  3.7  3.7  3.7  3.7  2.9  2.9  2.9  2.9  2.9  2.9  2.9  2.9  3.7  3.7  3.7  3.7  3.7  3.7  3.7  3.7  3.7  3.7  3.7  3.7
  2.6  3.7  2.6  3.7  1.8  3.7  1.8  3.7  1.8  3.7  1.8  3.7  2.6  3.7  2.6  3.7  2.6  3.7  2.6  3.7  2.6  3.7  2.6  3.7
  3.7  3.7  3.7  3.0  2.9  2.9  2.9  2.2  2.9  2.9  2.9  2.2  3.7  3.7  3.7  3.0  3.7  3.7  3.7  3.0  3.7  3.7  3.7  3.0
  2.6  2.6  2.6  2.6  1.8  1.8  1.8  1.8  1.8  1.8  1.8  1.8  2.6  2.6  2.6  2.6  2.6  2.6  2.6  2.6  2.6  2.6  2.6  2.6
  2.6  3.7  3.7  3.7  1.8  2.9  2.9  2.9  1.8  2.9  2.9  2.9  2.6  3.7  3.7  3.7  2.6  3.7  3.7  3.7  2.6  3.7  3.7  3.7
  2.6  2.6  2.6  2.6  1.8  1.8  1.8  1.8  1.8  1.8  1.8  1.8  2.6  2.6  2.6  2.6  2.6  2.6  2.6  2.6  2.6  2.6  2.6  2.6
  2.6  3.7  3.7  3.0  1.8  2.9  2.9  2.2  1.8  2.9  2.9  2.2  2.6  3.7  3.7  3.0  2.6  3.7  3.7  3.0  2.6  3.7  3.7  3.0
  3.7  3.7  3.7  3.7  2.9  2.9  2.9  2.9  2.9  2.9  2.9  2.9  3.7  3.7  3.7  3.7  3.7  3.7  3.7  3.7  3.7  3.7  3.7  3.7
  3.7  3.7  3.7  3.7  2.9  2.9  2.9  2.9  2.9  2.9  2.9  2.9  3.7  3.7  3.7  3.7  3.7  3.7  3.7  3.7  3.7  3.7  3.7  3.7
  2.6  3.7  2.6  3.7  1.8  2.9  1.8  2.9  1.8  2.9  1.8  2.9  2.6  3.7  2.6  3.7  2.6  3.7  2.6  3.7  2.6  3.7  2.6  3.7
  3.0  3.0  3.0  3.0  2.2  2.2  2.2  2.2  2.2  2.2  2.2  2.2  3.0  3.0  3.0  3.0  3.0  3.0  3.0  3.0  3.0  3.0  3.0  3.0
  3.7  3.7  2.6  3.7  2.9  2.9  1.8  2.9  2.9  2.9  1.8  2.9  3.7  3.7  2.6  3.7  3.7  3.7  2.6  3.7  3.7  3.7  2.6  3.7
  3.7  3.7  3.7  3.7  2.9  2.9  2.9  2.9  2.9  2.9  2.9  2.9  3.7  3.7  3.7  3.7  3.7  3.7  3.7  3.7  3.7  3.7  3.7  3.7
  2.6  2.6  2.6  2.6  1.8  2.9  1.8  2.9  1.8  1.8  1.8  1.8  2.6  3.7  2.6  3.7  2.6  2.6  2.6  2.6  2.6  3.7  2.6  3.7
  3.7  3.7  3.7  3.0  2.9  2.9  2.9  2.2  2.9  2.9  2.9  2.2  3.7  3.7  3.7  3.0  3.7  3.7  3.7  3.0  3.7  3.7  3.7  3.0
  3.7  3.7  2.6  3.7  2.9  2.9  1.8  2.9  2.9  2.9  1.8  2.9  3.7  3.7  2.6  3.7  3.7  3.7  2.6  3.7  3.7  3.7  2.6  3.7
  3.7  3.7  3.7  3.7  2.9  2.9  2.9  2.9  2.9  2.9  2.9  2.9  3.7  3.7  3.7  3.7  3.7  3.7  3.7  3.7  3.7  3.7  3.7  3.7
  2.6  3.7  2.6  3.7  1.8  3.7  1.8  3.7  1.8  3.7  1.8  3.7  2.6  3.7  2.6  3.7  2.6  3.7  2.6  3.7  2.6  3.7  2.6  3.7
  3.7  3.7  3.7  3.0  2.9  2.9  2.9  2.2  2.9  2.9  2.9  2.2  3.7  3.7  3.7  3.0  3.7  3.7  3.7  3.0  3.7  3.7  3.7  3.0
  2.6  2.6  2.6  2.6  1.8  1.8  1.8  1.8  1.8  1.8  1.8  1.8  2.6  2.6  2.6  2.6  2.6  2.6  2.6  2.6  2.6  2.6  2.6  2.6
  2.6  3.7  3.7  3.7  1.8  2.9  2.9  2.9  1.8  2.9  2.9  2.9  2.6  3.7  3.7  3.7  2.6  3.7  3.7  3.7  2.6  3.7  3.7  3.7
  2.6  2.6  2.6  2.6  1.8  1.8  1.8  1.8  1.8  1.8  1.8  1.8  2.6  2.6  2.6  2.6  2.6  2.6  2.6  2.6  2.6  2.6  2.6  2.6
  2.6  3.7  3.7  3.0  1.8  2.9  2.9  2.2  1.8  2.9  2.9  2.2  2.6  3.7  3.7  3.0  2.6  3.7  3.7  3.0  2.6  3.7  3.7  3.0
  3.7  3.7  2.6  3.7  2.9  2.9  1.8  2.9  2.9  2.9  1.8  2.9  3.7  3.7  2.6  3.7  3.7  3.7  2.6  3.7  3.7  3.7  2.6  3.7
  3.7  3.7  3.7  3.7  2.9  2.9  2.9  2.9  2.9  2.9  2.9  2.9  3.7  3.7  3.7  3.7  3.7  3.7  3.7  3.7  3.7  3.7  3.7  3.7
  2.6  3.7  2.6  3.7  1.8  2.9  1.8  2.9  1.8  2.9  1.8  2.9  2.6  3.7  2.6  3.7  2.6  3.7  2.6  3.7  2.6  3.7  2.6  3.7
  3.0  3.0  3.0  3.0  2.2  2.2  2.2  2.2  2.2  2.2  2.2  2.2  3.0  3.0  3.0  3.0  3.0  3.0  3.0  3.0  3.0  3.0  3.0  3.0
